t
7 70 0
8 70 60
31 0 80
e
2 78 40
c
t
7 20 70
3 50 40
1 50 0
31 0 80
e
0 155 60
c
t
12 70 70
31 0 80
e
0 28 60
1 82 50
0 132 60
c
t
0 30 70
19 50 40
31 0 80
e
0 90 20
1 130 60
c
t
16 0 80
15 60 40
20 110 40
31 0 80
e
2 90 20
c
t
6 40 60
21 70 30
31 0 80
e
1 90 10
0 90 60
c
t
31 0 80
e
0 60 60
1 100 60
c
t
27 20 80
0 120 50
9 80 0
31 0 80
e
c
t
3 25 40
3 75 0
3 125 40
31 0 80
e
c
t
27 25 35
31 0 80
e
1 45 15
0 105 15
2 115 60
c
t
10 50 40
21 80 50
31 0 80
e
2 50 20
c
t
28 25 0
1 25 50
1 75 75
1 125 50
31 0 80
e
c
t
26 20 85
22 40 70
20 62 55
14 80 40
5 100 25
31 0 80
e
c
t
22 40 70
20 62 55
14 80 40
5 100 25
31 0 80
e
c
t
18 20 0
10 135 40
31 0 80
e
0 40 60
2 95 60
0 138 20
c
t
31 0 80
e
1 35 60
0 70 60
1 105 60
2 140 60
c
t
8 40 60
2 40 0
31 0 80
e
1 110 60
c
t
29 18 21
29 108 29
30 72 0 
30 72 61
30 144 0
30 144 61
31 0 80
e
c
t
25 65 70
e
2 25 60
0 145 50
31 0 60
c
t
24 40 80
13 95 60
31 0 80
e
2 20 60
0 75 60
1 110 40
